##### Hard-coded Information

#distributionCentresList
# Cities to Supply
nname <- c("Lisbon","Moscow","Warsaw","Helsinki","Brussels","Paris",
           "Oslo","Stockholm","Rome","Vienna")
# Latitude and Longitude information for these cities. From Google Maps
lat <- as.numeric(c('38.7436266','55.5815243','52.2330269','60.11021','50.838833',
                    '48.8589507','59.8939529','59.326242','41.9102415','48.2208286'))

long <- as.numeric(c('-9.1602032','36.8250949','20.7810075','24.7385001','4.2233201','2.2770197',
                     '10.6450334','17.8419693','12.3959115','16.2399746'))

cid <- c(2,1,1,1,3,3,1,1,1,1)  #This value is from the analysis of the Three cluster network as required
